Wprowadzona macierz zwycięstw:
     Z 1  Z 2  Z 3  Z 4  Z 5  Z 6  Z 7  Z 8  Z 9  Z10
     ----------------------------------------
Z 1 | 1   0   0   0   1   0   0   1   0   0
Z 2 | 1   1   1   0   0   0   1   1   0   1
Z 3 | 1   0   1   1   1   1   1   1   1   1
Z 4 | 1   1   0   1   0   0   0   1   0   0
Z 5 | 0   1   0   1   1   0   1   1   0   0
Z 6 | 1   1   0   1   1   1   0   1   1   0
Z 7 | 1   0   0   1   0   1   1   0   1   1
Z 8 | 0   0   0   0   0   0   1   1   1   1
Z 9 | 1   1   0   1   1   0   0   0   1   1
Z10 | 1   0   0   1   1   1   0   0   0   1

=======================================================
Zawodnicy z własnością X: Z2, Z3, Z5, Z6, Z9
Indeksy: [2, 3, 5, 6, 9]