Wprowadzona macierz zwycięstw:
     Z 1  Z 2  Z 3  Z 4  Z 5  Z 6  Z 7  Z 8  Z 9  Z10
     ----------------------------------------
Z 1 | 1   1   1   0   0   1   0   1   1   1
Z 2 | 0   1   1   0   0   0   0   0   1   1
Z 3 | 0   0   1   0   1   1   1   0   0   1
Z 4 | 1   1   1   1   0   0   0   1   1   1
Z 5 | 1   1   0   1   1   0   0   0   0   1
Z 6 | 0   1   0   1   1   1   0   0   1   0
Z 7 | 1   1   0   1   1   1   1   0   0   0
Z 8 | 0   1   1   0   1   1   1   1   1   1
Z 9 | 0   0   1   0   1   0   1   0   1   0
Z10 | 0   0   0   0   0   1   1   0   1   1

=======================================================
Zawodnicy z własnością X: Z1, Z4, Z5, Z6, Z7, Z8
Indeksy: [1, 4, 5, 6, 7, 8]